4020.  1.
4029.2  1.
4038.4  1.
4047.6  1.
4056.8  1.
4066.  1.
4075.2  1.
4084.4  1.
4093.6  1.
4102.8  1.
4112.  1.
4121.2  1.
4130.4  1.
4139.6  1.
4148.8  1.
4158.  1.
4167.2  1.
4176.4  1.
4185.6  1.
4194.8  1.
4204.  1.
4213.2  1.
4222.4  1.
4231.6  1.
4240.8  1.
4250.  1.
4259.2  1.
4268.4  1.
4277.6  1.
4286.8  1.
4296.  1.
4305.2  1.
4314.4  1.
4323.6  1.
4332.8  1.
4342.  1.
4351.2  1.
4360.4  1.
4369.6  1.
4378.8  1.
4388.  1.
4397.2  1.
4406.4  1.
4415.6  1.
4424.8  1.
4434.  1.
4443.2  1.
4452.4  1.
4461.6  1.
4470.8  1.
4480.  1.
4489.2  1.
4498.4  1.
4507.6  1.
4516.8  1.
4526.  1.
4535.2  1.
4544.4  1.
4553.6  1.
4562.8  1.
4572.  1.
4581.2  1.
4590.4  1.
4599.6  1.
4608.8  1.
4618.  1.
4627.2  1.
4636.4  1.
4645.6  1.
4654.8  1.
4664.  1.
4673.2  1.
4682.4  1.
4691.6  1.
4700.8  1.
4710.  1.
4719.2  1.
4728.4  1.
4737.6  1.
4746.8  1.
4756.  1.
4765.2  1.
4774.4  1.
4783.6  1.
4792.8  1.
4802.  1.
4811.2  1.
4820.4  1.
4829.6  1.
4838.8  1.
4848.  1.
4857.2  1.
4866.4  1.
4875.6  1.
4884.8  1.
4894.  1.
4903.2  1.
4912.4  1.
4921.6  1.
4930.8  1.
4940.  1.
4949.2  1.
4958.4  1.
4967.6  1.
4976.8  1.
4986.  1.
4995.2  1.
5004.4  1.
5013.6  1.
5022.8  1.
5032.  1.
5041.2  1.
5050.4  1.
5059.6  1.
5068.8  1.
5078.  1.
5087.2  1.
5096.4  1.
5105.6  1.
5114.8  1.
5124.  1.
5133.2  1.
5142.4  1.
5151.6  1.
5160.8  1.
5170.  1.
5179.2  1.
5188.4  1.
5197.6  1.
5206.8  1.
5216.  1.
5225.2  1.
5234.4  1.
5243.6  1.
5252.8  1.
5262.  1.
5271.2  1.
5280.4  1.
5289.6  1.
5298.8  1.
5308.  1.
5317.2  1.
5326.4  1.
5335.6  1.
5344.8  1.
5354.  1.
5363.2  1.
5372.4  1.
5381.6  1.
5390.8  1.
5400.  1.
5409.2  1.
5418.4  1.
5427.6  1.
5436.8  1.
5446.  1.
5455.2  1.
5464.4  1.
5473.6  1.
5482.8  1.
5492.  1.
5501.2  1.
5510.4  1.
5519.6  1.
5528.8  1.
5538.  1.
5547.2  1.
5556.4  1.
5565.6  1.
5574.8  1.
5584.  1.
5593.2  1.
5602.4  1.
5611.6  1.
5620.8  1.
5630.  1.
5639.2  1.
5648.4  1.
5657.6  1.
5666.8  1.
5676.  1.
5685.2  1.
5694.4  1.
5703.6  1.
5712.8  1.
5722.  1.
5731.2  1.
5740.4  1.
5749.6  1.
5758.8  1.
5768.  1.
5777.2  1.
5786.4  1.
5795.6  1.
5804.8  1.
5814.  1.
5823.2  1.
5832.4  1.
5841.6  1.
5850.8  1.
5860.  1.
5869.2  1.
5878.4  1.
5887.6  1.
5896.8  1.
5906.  1.
5915.2  1.
5924.4  1.
5933.6  1.
5942.8  1.
5952.  1.
5961.2  1.
5970.4  1.
5979.6  1.
5988.8  1.
5998.  1.
6007.2  1.
6016.4  1.
6025.6  1.
6034.8  1.
6044.  1.
6053.2  1.
6062.4  1.
6071.6  1.
6080.8  1.
6090.  1.
6099.2  1.
6108.4  1.
6117.6  1.
6126.8  1.
6136.  1.
6145.2  1.
6154.4  1.
6163.6  1.
6172.8  1.
6182.  1.
6191.2  1.
6200.4  1.
6209.6  1.
6218.8  1.
6228.  1.
6237.2  1.
6246.4  1.
6255.6  1.
6264.8  1.
6274.  1.
6283.2  1.
6292.4  1.
6301.6  1.
6310.8  1.
6320.  1.
6329.2  1.
6338.4  1.
6347.6  1.
6356.8  1.
6366.  1.
6375.2  1.
6384.4  1.
6393.6  1.
6402.8  1.
6412.  1.
6421.2  1.
6430.4  1.
6439.6  1.
6448.8  1.
6458.  1.
6467.2  1.
6476.4  1.
6485.6  1.
6494.8  1.
6504.  1.
6513.2  1.
6522.4  1.
6531.6  1.
6540.8  1.
6550.  1.
6559.2  1.
6568.4  1.
6577.6  1.
6586.8  1.
6596.  1.
6605.2  1.
6614.4  1.
6623.6  1.
6632.8  1.
6642.  1.
6651.2  1.
6660.4  1.
6669.6  1.
6678.8  1.
6688.  1.
6697.2  1.
6706.4  1.
6715.6  1.
6724.8  1.
6734.  1.
6743.2  1.
6752.4  1.
6761.6  1.
6770.8  1.
6780.  1.
6789.2  1.
6798.4  1.
6807.6  1.
6816.8  1.
6826.  1.
6835.2  1.000022
6844.4  1.000022
6853.6  0.9999167
6862.8  0.9732785
6872.  0.8188875
6881.2  0.7912431
6890.4  0.8523332
6899.6  0.8373337
6908.8  0.8945633
6918.  0.9353898
6927.2  0.9593403
6936.4  0.9831022
6945.6  0.9885508
6954.8  0.9817138
6964.  0.9969992
6973.2  0.9998133
6982.4  0.9998133
6991.6  0.9998133
7000.8  0.9998133
7010.  0.9998133
7019.2  1.
7028.4  1.
7037.6  1.
7046.8  1.
7056.  1.
7065.2  1.
7074.4  1.
7083.6  1.
7092.8  1.
7102.  1.
7111.2  1.
7120.4  1.
7129.6  1.
7138.8  0.9999167
7148.  0.9999167
7157.2  0.9994303
7166.4  0.9514681
7175.6  0.9096953
7184.8  0.9094542
7194.  0.9092194
7203.2  0.9216093
7212.4  0.9750148
7221.6  0.9999167
7230.8  0.9971403
7240.  0.9792198
7249.2  0.9685659
7258.4  0.9999167
7267.6  0.9999167
7276.8  1.
7286.  1.
7295.2  1.
7304.4  1.
7313.6  1.
7322.8  1.
7332.  1.
7341.2  1.
7350.4  1.
7359.6  1.
7368.8  1.
7378.  1.
7387.2  1.
7396.4  1.
7405.6  1.
7414.8  1.
7424.  1.
7433.2  1.
7442.4  1.
7451.6  1.
7460.8  1.
7470.  1.
7479.2  1.
7488.4  1.
7497.6  1.
7506.8  1.
7516.  1.
7525.2  1.
7534.4  1.
7543.6  1.
7552.8  1.
7562.  1.000835
7571.2  0.9290516
7580.4  0.9537277
7589.6  0.8790572
7598.8  0.5205669
7608.  0.2685724
7617.2  0.450053
7626.4  0.5279136
7635.6  0.4887054
7644.8  0.6022137
7654.  0.6808965
7663.2  0.7367634
7672.4  0.8612949
7681.6  0.895229
7690.8  0.8706579
7700.  0.8541788
7709.2  0.9407153
7718.4  0.9160169
7727.6  0.8651282
7736.8  0.9066163
7746.  0.9440742
7755.2  0.9906237
7764.4  1.
7773.6  1.
7782.8  1.
7792.  1.
7801.2  1.
7810.4  1.
7819.6  1.
7828.8  1.
7838.  1.
7847.2  1.
7856.4  1.
7865.6  1.
7874.8  1.
7884.  1.
7893.2  1.
7902.4  1.
7911.6  1.
7920.8  1.
7930.  1.
7939.2  1.
7948.4  1.
7957.6  1.
7966.8  1.
7976.  1.
7985.2  1.
7994.4  1.
